yyyy mm dd HH MM - yyyy mm dd HH MM 0 1 2
2025 07 02 13 16   2025 07 02 13 54 1 1 0
2025 07 06 07 36   2025 07 06 08 01 1 1 0
2025 07 09 09 45   2025 07 09 09 46 0 1 0
2025 07 12 13 46   2025 07 12 13 47 1 1 0
2025 07 15 01 43   2025 07 15 01 45 0 1 0
2025 07 21 19 34   2025 07 21 19 39 1 1 0
2025 07 27 18 01   2025 07 27 18 03 1 1 0
2025 08 06 16 51   2025 08 06 18 17 1 1 0
2025 08 17 10 47   2025 08 17 10 48 1 1 0
2025 09 05 08 22   2025 09 05 08 23 1 1 0
2025 09 05 15 57   2025 09 05 16 07 1 0 0
2025 09 05 20 25   2025 09 05 20 34 1 0 0
2025 09 08 18 32   2025 09 08 18 36 0 1 0
2025 09 17 17 11   2025 09 17 17 12 0 1 0
2025 09 17 21 42   2025 09 17 21 43 0 1 0
2025 09 21 12 57   2025 09 21 12 58 0 1 0
2025 09 29 11 14   2025 09 29 11 15 1 1 0
2025 10 08 22 38   2025 10 08 23 59 1 1 0
2025 10 09 00 00   2025 10 09 23 59 1 1 0
2025 10 10 00 00   2025 10 10 23 59 1 1 0
2025 10 11 00 00   2025 10 11 23 59 1 1 0
2025 10 12 00 00   2025 10 12 23 59 1 1 0
2025 10 13 00 00   2025 10 13 23 59 1 1 0
2025 10 14 00 00   2025 10 14 12 00 1 1 0
