yyyy mm dd HH MM - yyyy mm dd HH MM 0 1 2
2024 08 10 11 29   2024 08 10 11 32 1 1 0
2024 08 13 11 42   2024 08 13 12 04 1 0 0
2024 08 14 07 25   2024 08 14 07 26 1 1 0
2024 08 15 17 12   2024 08 15 17 19 1 0 0
2024 08 18 07 35   2024 08 18 07 43 1 1 0
2024 10 07 09 58   2024 10 07 09 59 1 1 0
2024 10 07 10 02   2024 10 07 10 03 1 1 0
2024 10 07 10 05   2024 10 07 10 07 1 1 0
2024 10 07 10 10   2024 10 07 10 11 1 1 0
2024 10 07 10 33   2024 10 07 10 34 1 1 0
2024 10 07 10 37   2024 10 07 10 38 1 1 0
2024 10 07 10 47   2024 10 07 10 48 1 1 0
2024 10 07 10 51   2024 10 07 10 53 1 1 0
2024 10 07 10 55   2024 10 07 10 56 1 1 0
2024 10 07 11 01   2024 10 07 11 02 1 1 0
2024 10 07 12 09   2024 10 07 12 10 1 1 0
2024 10 07 12 18   2024 10 07 12 19 1 1 0
2024 10 07 12 22   2024 10 07 12 23 1 1 0