yyyy mm dd HH MM - yyyy mm dd HH MM K V W
2024 08 09 08 38   2024 08 09 08 39 1 1 0
2024 08 09 08 56   2024 08 09 09 00 1 1 0
2024 08 09 13 20   2024 08 09 19 00 1 1 0
2024 08 10 20 53   2024 08 10 20 54 1 0 0
2024 08 14 07 26   2024 08 14 07 27 1 1 0
2024 08 16 02 43   2024 08 16 02 46 1 1 0
2024 08 16 06 47   2024 08 16 06 48 1 1 0
2024 08 17 08 26   2024 08 17 08 27 1 1 0
2024 08 17 08 44   2024 08 17 08 46 1 1 0
2024 08 19 03 46   2024 08 19 03 47 1 1 0
2024 08 19 07 34   2024 08 19 07 36 1 1 0
2024 08 25 01 46   2024 08 25 01 54 1 1 0
2024 08 26 09 56   2024 08 26 09 57 1 1 0
2024 08 26 10 08   2024 08 26 10 13 1 1 0
2024 09 03 09 44   2024 09 03 09 46 1 1 0
2024 09 03 13 06   2024 09 03 13 08 1 1 0
2024 09 11 14 50   2024 09 11 15 33 1 1 0
2024 10 07 09 58   2024 10 07 10 04 1 1 0
2024 10 07 10 05   2024 10 07 10 08 1 1 0
2024 10 07 10 10   2024 10 07 10 11 1 1 0
2024 10 07 10 13   2024 10 07 10 14 1 1 0
2024 10 07 10 15   2024 10 07 10 16 1 1 0
2024 10 07 10 18   2024 10 07 10 23 1 1 0
2024 10 07 10 24   2024 10 07 10 25 1 1 0
2024 10 07 10 33   2024 10 07 10 34 1 1 0
2024 10 07 10 37   2024 10 07 10 42 1 1 0
2024 10 07 10 44   2024 10 07 10 52 1 1 0
2024 10 07 10 53   2024 10 07 11 00 1 1 0
2024 10 07 11 01   2024 10 07 11 02 1 1 0
2024 10 07 11 58   2024 10 07 11 59 1 1 0
2024 10 07 12 00   2024 10 07 12 01 1 1 0
2024 10 07 12 03   2024 10 07 12 04 1 1 0
2024 10 07 12 17   2024 10 07 12 19 1 1 0
2024 10 07 12 20   2024 10 07 12 23 1 1 0
2024 10 07 12 25   2024 10 07 12 29 1 1 0
2024 10 07 12 35   2024 10 07 12 37 1 1 0
2024 10 07 12 39   2024 10 07 12 40 1 1 0
2024 10 07 13 20   2024 10 07 13 21 1 1 0
2024 10 07 13 22   2024 10 07 13 23 1 1 0
2024 10 07 13 35   2024 10 07 13 36 1 1 0
2024 10 07 13 39   2024 10 07 13 40 1 1 0
2024 10 07 13 55   2024 10 07 13 56 1 1 0
2024 10 07 15 43   2024 10 07 15 44 1 1 0
2024 10 08 07 50   2024 10 08 07 51 1 1 0
2024 10 08 07 54   2024 10 08 07 55 1 1 0
2024 10 08 08 00   2024 10 08 08 01 1 1 0
