yyyy mm dd HH MM - yyyy mm dd HH MM K V W
2025 07 04 19 44   2025 07 04 19 45 1 0 0
2025 07 06 07 40   2025 07 06 08 01 1 1 0
2025 07 12 13 45   2025 07 12 13 47 1 1 0
2025 07 22 10 17   2025 07 22 10 24 1 1 0
2025 07 25 04 37   2025 07 25 04 38 1 1 0
2025 07 25 06 42   2025 07 25 06 43 1 1 0
2025 07 30 20 55   2025 07 30 20 56 1 1 0
2025 08 02 10 11   2025 08 02 10 13 1 1 0
2025 08 02 11 33   2025 08 02 12 38 1 1 0
2025 08 06 16 25   2025 08 06 16 30 1 1 0
2025 08 09 18 53   2025 08 09 18 54 1 1 0
2025 08 12 09 14   2025 08 12 09 16 1 1 0
2025 08 17 10 47   2025 08 17 10 49 1 1 0
2025 08 21 22 25   2025 08 21 22 27 1 1 0
2025 08 23 11 57   2025 08 23 12 03 1 1 0
2025 08 27 12 25   2025 08 27 12 26 1 0 0
2025 08 29 08 55   2025 08 29 08 57 1 0 0
2025 09 01 04 54   2025 09 01 04 55 1 1 0
2025 09 01 04 57   2025 09 01 04 58 1 0 0
2025 09 01 05 11   2025 09 01 05 12 1 0 0
2025 09 01 09 01   2025 09 01 09 02 1 0 0
2025 09 01 12 16   2025 09 01 12 17 1 0 0
2025 09 01 17 15   2025 09 01 17 17 1 0 0
2025 09 01 22 39   2025 09 01 22 40 1 0 0
2025 09 02 08 42   2025 09 02 08 43 1 0 0
2025 09 02 09 00   2025 09 02 09 01 1 0 0
2025 09 02 11 53   2025 09 02 11 56 1 0 0
2025 09 02 12 37   2025 09 02 12 38 1 0 0
2025 09 02 13 21   2025 09 02 13 22 1 0 0
2025 09 02 14 20   2025 09 02 14 28 1 1 0
2025 09 05 08 06   2025 09 05 08 07 1 1 0
2025 09 05 08 40   2025 09 05 08 43 1 1 0
2025 09 05 09 04   2025 09 05 09 08 1 1 0
2025 09 05 10 01   2025 09 05 10 02 1 1 0
2025 09 05 10 04   2025 09 05 10 05 1 1 0
2025 09 05 10 13   2025 09 05 10 14 1 1 0
2025 09 05 10 22   2025 09 05 10 26 1 1 0
2025 09 05 10 42   2025 09 05 10 43 1 0 0
2025 09 05 10 59   2025 09 05 11 00 1 0 0
2025 09 05 11 17   2025 09 05 11 18 1 0 0
2025 09 05 11 33   2025 09 05 11 35 1 1 0
2025 09 05 11 50   2025 09 05 11 53 1 1 0
2025 09 05 12 09   2025 09 05 12 10 1 0 0
2025 09 05 12 24   2025 09 05 12 28 1 1 0
2025 09 05 12 32   2025 09 05 12 33 1 1 0
2025 09 05 12 44   2025 09 05 12 45 1 0 0
2025 09 05 12 55   2025 09 05 12 57 1 1 0
2025 09 05 12 59   2025 09 05 13 01 1 1 0
2025 09 05 13 07   2025 09 05 13 08 1 1 0
2025 09 05 13 09   2025 09 05 13 10 1 1 0
2025 09 05 13 44   2025 09 05 13 45 1 1 0
2025 09 05 13 47   2025 09 05 13 48 1 1 0
2025 09 05 14 33   2025 09 05 14 34 1 1 0
2025 09 05 15 05   2025 09 05 15 06 1 1 0
2025 09 05 15 19   2025 09 05 15 20 1 1 0
2025 09 05 17 26   2025 09 05 17 28 1 0 0
2025 09 07 07 39   2025 09 07 07 40 1 0 0
2025 09 08 06 36   2025 09 08 06 38 1 0 0
2025 09 08 08 14   2025 09 08 08 15 1 0 0
2025 09 09 07 11   2025 09 09 07 13 1 0 0
2025 09 09 08 49   2025 09 09 08 50 1 0 0
2025 09 09 15 41   2025 09 09 15 42 1 1 0
2025 09 10 07 46   2025 09 10 07 47 1 0 0
2025 09 11 06 44   2025 09 11 06 45 1 0 0
2025 09 11 08 21   2025 09 11 08 22 1 0 0
2025 09 12 12 04   2025 09 12 12 05 1 1 0
2025 09 27 07 53   2025 09 27 07 55 1 0 0
2025 09 28 08 28   2025 09 28 08 29 1 0 0
2025 09 29 09 03   2025 09 29 09 04 1 0 0
2025 09 30 08 00   2025 09 30 08 02 1 0 0
2025 10 01 08 35   2025 10 01 08 36 1 0 0
2025 10 02 07 32   2025 10 02 07 34 1 0 0
2025 10 03 06 29   2025 10 03 06 31 1 0 0
2025 10 03 08 07   2025 10 03 08 08 1 0 0
2025 10 04 11 46   2025 10 04 11 47 1 0 0
2025 10 04 12 21   2025 10 04 12 22 1 0 0
2025 10 05 04 24   2025 10 05 04 26 1 0 0
2025 10 05 12 49   2025 10 05 12 50 1 0 0
2025 10 05 13 24   2025 10 05 13 25 1 0 0
2025 10 06 10 05   2025 10 06 10 07 1 0 0
2025 10 08 11 54   2025 10 08 11 55 1 0 0
2025 10 08 12 11   2025 10 08 12 13 1 0 0
2025 10 08 12 29   2025 10 08 12 30 1 0 0
2025 10 09 09 58   2025 10 09 09 59 1 0 0
2025 10 09 12 57   2025 10 09 12 59 1 0 0
2025 10 09 13 15   2025 10 09 13 16 1 0 0
2025 10 09 13 32   2025 10 09 13 34 1 0 0
2025 10 10 12 15   2025 10 10 12 17 1 0 0
2025 10 10 12 33   2025 10 10 12 34 1 0 0
2025 10 10 12 50   2025 10 10 12 52 1 0 0
2025 10 10 13 08   2025 10 10 13 09 1 0 0
2025 10 10 13 25   2025 10 10 13 27 1 0 0
2025 10 10 13 43   2025 10 10 13 44 1 0 0
2025 10 10 14 00   2025 10 10 14 02 1 0 0
2025 10 10 14 18   2025 10 10 14 19 1 0 0
2025 10 11 11 33   2025 10 11 11 35 1 0 0
2025 10 11 11 51   2025 10 11 11 52 1 0 0
2025 10 11 12 08   2025 10 11 12 10 1 0 0
2025 10 11 12 26   2025 10 11 12 28 1 0 0
2025 10 11 12 43   2025 10 11 12 45 1 0 0
2025 10 11 13 36   2025 10 11 13 37 1 0 0
2025 10 11 13 53   2025 10 11 13 55 1 0 0
2025 10 11 14 11   2025 10 11 14 13 1 0 0
2025 10 11 14 28   2025 10 11 14 30 1 0 0
2025 10 11 14 46   2025 10 11 14 47 1 0 0
2025 10 12 10 52   2025 10 12 10 53 1 0 0
2025 10 12 11 27   2025 10 12 11 28 1 0 0
2025 10 12 11 44   2025 10 12 11 46 1 0 0
2025 10 12 12 02   2025 10 12 12 03 1 0 0
2025 10 12 14 56   2025 10 12 14 58 1 0 0
2025 10 13 11 38   2025 10 13 11 39 1 0 0
2025 10 13 11 55   2025 10 13 11 56 1 0 0
2025 10 14 11 30   2025 10 14 11 32 1 0 0
